GFP,Rab1a,Rab1b,Rab2,Rab3,Rab4,Rab5a,Rab5c,Rab6,Rab7,Rab8a,Rab8b,Rab9,Rab10,Rab11,Rab12,Rab13,Rab14,Rab15,Rab17,Rab18,Rab19,Rab20,Rab21,Rab22,Rab23,Rab24,Rab25,Rab26,Rab27,Rab28,Rab30,Rab33a,Rab33b,Rab35,Rab37,Rab38,Rab39,Rab40,Rab43
1.122964052,2.262667262,1.375570875,1.307767294,2.067640243,2.938168734,0.765481795,1.186397744,0.752645234,0.684641502,1.188579169,0.982299733,0.945424263,1.369310716,2.696327131,0.885694376,0.669807211,1.700161389,0.59954955,0.890425975,0.909958496,1.352276848,0.914382359,1.027048446,1.191168015,0.896060517,1.111752936,1.753290414,2.602959688,0.49466952,1.259448379,2.717170955,1.556608694,1.095556082,1.593332766,2.000487576,1.116710461,1.069260359,1.382758706,2.634079327
0.850298376,2.261615746,1.018799017,1.758358752,2.202501931,2.370286644,0.851091705,1.064238642,0.885709912,0.802150301,0.865016044,1.192774775,1.071951362,1.40181207,2.406093501,0.527014355,0.786048996,2.100449596,0.850931714,0.980037905,0.714617026,1.007385567,0.995226608,0.856545775,0.902602147,0.922580645,1.05023794,0.952463392,1.965315389,1.228187012,0.983356096,1.96724759,1.973565724,1.464075662,1.36739232,2.422326345,1.318468708,1.822156885,1.549872865,1.159343892
1.066453039,1.727909187,1.142714388,1.285855528,2.174846454,2.74178428,0.856639951,0.965002488,0.812485269,1.013059767,0.881418198,0.793863183,1.087081893,0.799289663,3.305012552,2.029396465,1.158557734,1.810892823,0.725308169,1.006081358,1.034579588,2.185282209,1.406655442,1.258190411,1.140040296,0.932090546,1.086425389,1.573658153,1.419987933,0.966930747,1.312815005,2.471573453,1.430361216,1.352318715,1.213809404,1.993723468,1.098762774,1.096178292,0.956125452,1.204423798
0.965049296,0.757084238,1.261295059,1.337416075,2.162092419,2.361397566,1.830619546,1.038333206,0.591962925,0.776631404,0.969447142,0.809274676,0.88897925,1.460952764,3.058574969,2.244169351,0.815098355,1.338092676,0.943366962,0.568492431,0.95472814,1.475180563,1.11743095,0.993877949,1.229555931,1.038219478,1.445578521,2.510108018,1.035058732,1.024042484,1.248363414,2.135600862,1.363412443,1.455413723,1.216940415,1.157215707,0.971507481,0.822284323,1.154171886,1.386196476
0.914374191,0.737707915,1.451059619,1.219711082,2.539453723,2.57822736,1.215881549,1.611120873,1.432153474,1.212980426,1.145169029,0.797988889,1.103106816,1.44792658,1.36575806,2.023953504,0.81752119,1.397845466,1.226650594,0.441434828,0.992043769,1.285531239,0.934169885,1.22134087,1.072469874,0.992002319,0.750110467,3.076283296,1.32800618,2.158937475,1.285275088,1.818576096,1.085046529,1.389510172,1.111159196,1.358183025,1.116113276,1.038089965,0.867515997,1.676521742
0.672561329,1.350163828,1.095573003,1.001874868,1.594208832,1.85418185,1.889959123,1.49686376,0.880619493,0.895686488,1.116930897,0.792538491,1.143230998,1.695879439,1.785568106,1.899538126,0.867335998,2.10655551,1.061381768,0.533276281,0.872230193,1.796182934,1.364864679,1.295374874,0.880939947,1.091574265,0.812871995,4.254074885,1.318211597,1.141555634,0.903712626,3.555154301,1.527815765,1.085872366,1.049702316,1.108141023,0.986001712,0.994803708,0.895580958,1.959244355
0.790617089,1.668460034,1.290926383,1.22614556,1.624620108,2.226406055,1.238633032,1.192253192,0.682512931,1.291348956,0.92855946,0.671968016,1.096370795,1.661253928,1.647674775,1.413522378,1.017557163,2.715000421,0.936514944,0.934184209,0.972630888,1.383996929,1.141234087,1.262061789,0.900713269,1.013996836,1.241275474,3.325045932,1.235731845,1.250163799,1.167682998,1.778430536,1.134663044,1.411367712,1.131571518,1.017276066,1.074720895,1.009435934,0.687157156,1.137744795
0.834104413,1.580094969,1.224190184,1.069624812,2.438860596,2.065193984,1.210425146,1.15127245,0.853783873,0.966182123,1.152221746,0.848626045,0.81360279,1.589479243,2.027042591,1.419086747,1.130540894,2.358263554,1.411877799,1.144157391,0.715571003,1.110109098,1.214207827,1.236130654,1.075971931,1.034080275,1.308455449,1.586370543,1.561366196,1.435930824,1.071404714,2.403877419,1.415814974,1.3704125,1.215138553,0.853453774,0.904842987,1.40531962,0.525503313,1.78825281
0.861945503,1.341117032,1.051095764,1.708078144,1.348470265,2.584270313,1.165995298,2.429583,1.700461005,0.993538605,1.186866074,0.490052272,0.865320779,1.705986807,1.521718563,2.059400607,1.522366276,1.603460805,1.472297678,0.927660644,0.819720628,1.139158458,1.289366791,1.451585283,1.035893698,1.025221608,1.152605364,1.028178117,1.574843641,1.167539044,1.162026084,1.734672986,1.307260502,0.893871397,1.033684514,1.137719027,0.97917947,1.759143158,0.470924173,1.573650967
0.940611527,1.345540426,1.594467499,1.584046118,3.069114796,2.56203616,0.845762486,2.000423403,0.945928926,0.991532709,1.025587187,1.202110574,0.949391138,2.935808553,1.757769216,1.835854704,1.786373876,1.850311358,1.003041989,0.956824124,0.855612107,1.576036119,1.295848972,1.599748754,1.028589308,0.989644289,1.236845877,1.603356872,1.099203982,1.203702541,1.166104787,3.43087466,1.021244152,0.898982549,1.206178838,1.295463352,0.925190496,1.396743118,0.952800379,1.225439212
0.870964894,1.554481575,1.262516309,1.343145883,2.138140199,4.071900431,0.951840507,0.783014792,1.186579616,1.059836585,1.358307395,1.03593859,0.966172512,1.243239454,2.155740782,1.928605934,1.254020076,1.486024829,1.047566623,0.968014093,1.000344736,1.203187513,1.291124624,1.493356774,0.978748369,1.016943213,1.066793352,2.363291416,1.136534837,1.860867411,1.014393494,1.970447172,0.973903631,1.299446216,1.187194314,1.163402497,1.018105097,0.483160376,0.912249176,1.146846206
0.913910282,1.61789731,1.439900709,1.320850067,1.638418163,2.319756474,0.908941151,1.262230564,1.193119292,1.327848898,1.241791481,1.179107566,1.044961661,1.285960407,1.993076234,1.792768316,1.340090464,2.332494845,1.075119507,1.030055814,0.955152877,1.23812782,1.160891853,1.261333199,1.014819264,1.026170628,1.431916017,1.44700069,1.687320578,1.522991898,1.15305976,1.599498027,1.431609981,1.227809258,1.249794958,1.313118207,1.007272633,0.512914496,1.026155016,1.09442717
0.944092087,2.220444848,1.375563768,1.450657031,1.747964242,1.235947197,1.037306306,1.35181865,0.84896052,1.178636289,1.28636668,1.114710815,0.985521799,1.161500285,2.597128061,1.53760823,1.250877249,1.347363896,1.270391626,0.933990259,0.79730643,1.317692794,1.07563067,1.469943824,1.071022397,1.114602254,1.040776406,1.440317587,1.553260201,1.067084208,1.379984049,1.889429164,1.413752939,1.182481552,1.259747079,1.108521429,1.340365734,0.536848482,0.987518446,1.380351187
1.015334912,2.491938001,1.415457675,1.726943824,1.626284141,2.562579144,1.02348397,1.155889248,0.896143124,1.131615312,1.201256944,1.193767556,1.280381368,1.260476288,1.057704411,1.549404157,1.053215726,2.818436533,1.26344141,1.057496169,1.087735236,1.414353906,0.944035824,1.252497015,1.084544656,1.075269334,1.343861485,1.27777208,1.456593365,1.121614999,1.312488544,3.045007646,1.454510959,1.221350313,1.070003911,1.085368575,1.208739656,0.58717654,1.106231,1.208810627
0.998915632,2.569384042,2.302328385,1.298598932,1.948859421,2.077434415,0.972595354,2.058737192,1.106320675,0.987600236,1.052377751,1.234597818,1.033281492,1.082345622,0.926488391,2.100134481,1.196696542,2.059382194,1.521551964,1.035770447,0.905333539,1.52610874,1.049805316,1.207071867,1.154686607,1.115991225,1.670076243,1.186417657,1.935711205,1.049495025,1.140568993,2.522299854,1.348769132,1.224121852,1.090170564,1.320166177,1.482848435,0.405192228,0.844153622,1.273753333
0.981609657,1.559484013,2.105669086,1.217160764,2.368110414,2.576813618,1.036350921,1.313930165,1.507708869,0.899072398,1.58702189,1.108341378,1.281907618,0.973986652,1.683632847,2.140062819,1.103843109,2.410316353,1.376760568,1.242007761,0.958490284,1.055116233,1.22657997,1.107810597,1.128866619,1.124069681,1.643069235,3.131256863,2.238212332,1.261398978,1.141634631,1.826695165,2.307298926,1.446351743,2.224269803,0.904047119,1.152978304,0.635916634,0.846183211,1.515750103
0.945758376,1.509480224,2.034324009,1.209493552,2.670745538,,1.017520804,1.47163443,1.797018241,1.009490882,1.789505825,1.116637543,0.946097998,1.062916759,1.187346305,1.537520217,1.116437379,2.733626058,2.381354159,1.17228509,0.941227503,1.085555439,1.246730332,1.347172517,1.055548693,1.09224642,1.68720179,2.386950319,1.824633197,1.334655709,1.41981635,2.847598275,1.760390398,1.442322493,2.257833243,1.233380395,2.111514562,2.452985557,1.010984607,1.464005534
0.810544637,2.126876356,1.323950039,1.533084866,1.283224753,,1.315234166,,1.245709155,1.076210974,1.28454125,1.971314875,0.987866502,1.630495813,1.300722285,1.57221766,1.092821149,1.138670754,1.45942919,1.333259058,0.8800622,1.142492454,1.661130782,1.246674265,1.063472262,1.037847254,1.373802972,2.450011106,2.541368113,1.304350302,1.214752404,3.350280939,2.304771932,3.371133683,1.896201614,1.131607551,3.873614272,2.101152791,1.150842641,1.367101041
0.825070172,1.51163359,1.610706835,0.817509198,1.950768897,,0.826708448,,1.137595175,1.200439806,1.29128232,1.502847263,0.853451624,2.599430029,1.64405227,2.480169819,1.082805372,2.03599736,1.946286841,1.097662459,1.547891316,1.043942163,1.094628174,1.41158036,1.067346139,1.108868289,1.20569265,1.632285528,2.298492013,1.386115729,1.317415338,2.095007586,1.599206817,2.605051494,1.462827672,1.411776379,1.851176601,1.473675931,0.981658619,1.220740643
0.864389978,1.819403867,2.208303919,1.009207253,3.081333053,,1.597883358,,1.06721961,1.268454098,1.213822427,1.492384114,1.484385331,1.983811044,1.743494381,3.736346886,1.043295026,1.794436435,1.211583527,1.22537956,1.515113483,1.56173182,0.980887094,1.299192728,1.318371946,1.15624165,1.880682751,2.106189404,2.315567379,1.007666217,1.459836009,1.795798456,1.317186936,1.769622901,1.422702421,1.392867535,1.2256277,1.769255601,0.864241006,2.172854711
0.939341664,2.805577649,2.104708851,1.965021167,1.629347249,,1.503215261,,1.71902111,,1.260351822,1.444930561,1.0547647,2.171061509,,,1.187970028,1.979159291,1.222314492,1.327407841,1.173373276,1.31535244,1.91113867,1.462775629,1.223659334,1.121836736,1.093487821,3.094123841,2.813135375,1.529890651,1.258731123,1.831519816,1.511984423,2.016731599,1.509682723,1.387570881,1.29225601,2.01080549,0.971029025,1.037336164
0.973979821,,2.073779471,1.688880239,1.636487053,,1.201855867,,1.360021222,,1.190436736,1.337949338,1.275342909,1.088977908,,,1.340316301,2.334318126,,1.274614858,0.989492104,1.156857246,1.25198366,,1.087195958,1.290372324,2.014187512,3.430965909,2.474143321,1.284911262,1.322582585,4.145061531,0.975714948,1.437925159,1.237671597,1.386748473,1.467222446,1.738317838,0.86692666,2.038373688
1.025011828,,2.088864206,1.423048121,1.496011938,,1.028173963,,1.333531421,,1.457219077,1.480839195,1.461223977,1.415698869,,,1.225894888,1.542767744,,1.267943993,0.870967742,1.949441753,,,1.026204054,1.084919777,1.305620886,2.96509064,2.501728941,1.495676845,1.071781073,2.455603396,1.19070986,2.178624321,1.392131007,1.617596154,1.572860084,1.137035324,1.082119467,2.244173948
0.934149969,,1.81654715,,1.851816627,,1.586710757,,1.139168342,,1.476542363,1.366710794,1.148524412,1.972732763,,,1.330910223,,,2.090109108,,2.579778607,,,1.196357762,1.369281227,1.076290965,3.251642222,4.960488475,1.310016552,1.156345984,2.713125307,1.669366601,2.00844946,1.567031237,1.457652283,1.299765436,1.175132396,,2.54802378
,,2.478360261,,1.86561208,,,,1.300874369,,,1.444815848,1.079402183,1.776455444,,,1.287261108,,,,,2.609073286,,,1.100979574,1.27740179,1.791182354,3.20773403,4.927811359,1.277699437,1.404264032,2.521619429,1.866012235,1.854262765,1.209117485,1.83879384,1.126628792,1.033766495,,2.766760461
,,2.30705948,,2.236546833,,,,1.193622646,,,1.432697166,1.057326254,1.425868794,,,1.255395683,,,,,1.747188691,,,1.077688247,1.16636844,,,,0.878196147,1.222997924,2.70218921,1.225837297,,0.830383748,1.730009701,1.154884137,1.005425809,,2.529761088
,,3.160150592,,2.475070346,,,,1.625375263,,,1.494408012,,1.711797943,,,1.084107211,,,,,1.425509342,,,1.102175195,1.223954192,,,,2.299405207,1.22093332,,1.808332211,,,1.713824361,1.261950219,,,2.467421754
,,,,2.403847535,,,,1.438917408,,,1.416342818,,,,,1.02109568,,,,,2.457921706,,,1.252507402,1.351640194,,,,1.384047442,1.220889968,,1.318174332,,,1.565063491,1.34799135,,,1.636656471
,,,,2.302597403,,,,,,,1.372802571,,,,,1.153183206,,,,,2.054991587,,,1.258634938,1.227079677,,,,,1.063278461,,,,,1.677998245,1.173034225,,,2.714717872
,,,,3.241343689,,,,,,,,,,,,1.120085766,,,,,1.912859914,,,1.195594554,1.200028102,,,,,1.09533956,,,,,,2.889568556,,,2.413369493
,,,,,,,,,,,,,,,,,,,,,,,,,,,,,,,,,,,,4.611831705,,,1.687301083
,,,,,,,,,,,,,,,,,,,,,,,,,,,,,,,,,,,,2.283958871,,,
,,,,,,,,,,,,,,,,,,,,,,,,,,,,,,,,,,,,1.71803449,,,
,,,,,,,,,,,,,,,,,,,,,,,,,,,,,,,,,,,,1.478284687,,,
,,,,,,,,,,,,,,,,,,,,,,,,,,,,,,,,,,,,1.346230014,,,
,,,,,,,,,,,,,,,,,,,,,,,,,,,,,,,,,,,,1.533487585,,,